{
 "cells": [
  {
   "cell_type": "code",
   "execution_count": 21,
   "id": "7a769e40-64de-451a-9e34-a50ad8948064",
   "metadata": {},
   "outputs": [],
   "source": [
    "import pandas as pd\n",
    "import numpy as np\n",
    "import matplotlib.pyplot as plt\n",
    "import os"
   ]
  },
  {
   "cell_type": "code",
   "execution_count": 22,
   "id": "84a28b4e-d9d2-4cf4-825b-e88a413d9a42",
   "metadata": {},
   "outputs": [
    {
     "data": {
      "text/plain": [
       "4836"
      ]
     },
     "execution_count": 22,
     "metadata": {},
     "output_type": "execute_result"
    }
   ],
   "source": [
    "master = pd.read_csv(\"depression_table.csv\").set_index(\"SEQN\")\n",
    "master = pd.DataFrame(master.loc[:, \"DepressionScore\"])\n",
    "master.dropna().shape[0]"
   ]
  },
  {
   "cell_type": "code",
   "execution_count": 23,
   "id": "469bdf71-c5e0-4227-b678-2458fe325470",
   "metadata": {},
   "outputs": [
    {
     "data": {
      "text/plain": [
       "4644"
      ]
     },
     "execution_count": 23,
     "metadata": {},
     "output_type": "execute_result"
    }
   ],
   "source": [
    "# Blood lead and Blood Cadmium\n",
    "DS0102 = pd.read_csv(\"DS0102/25504-0102-Data.tsv\", sep = \"\\t\").set_index(\"SEQN\")\n",
    "columns = DS0102.columns[:np.where(DS0102.columns.values == (\"SDDSRVYR\"))[0][0]]\n",
    "master = master.join(DS0102[columns])\n",
    "master = master.replace(\" \", np.NaN )\n",
    "master.dropna().shape[0]"
   ]
  },
  {
   "cell_type": "code",
   "execution_count": 24,
   "id": "3eb81b62-a352-4f86-8d0f-8739d4c258c8",
   "metadata": {},
   "outputs": [
    {
     "data": {
      "text/plain": [
       "4614"
      ]
     },
     "execution_count": 24,
     "metadata": {},
     "output_type": "execute_result"
    }
   ],
   "source": [
    "# Complete blood count\n",
    "DS0103 = pd.read_csv(\"DS0103/25504-0103-Data.tsv\", sep = \"\\t\").set_index(\"SEQN\")\n",
    "columns = DS0103.columns[:np.where(DS0103.columns.values == (\"SDDSRVYR\"))[0][0]]\n",
    "master = master.join(DS0103[columns])\n",
    "master = master.replace(\" \", np.NaN )\n",
    "master.dropna().shape[0]"
   ]
  },
  {
   "cell_type": "code",
   "execution_count": 25,
   "id": "6ef37cc9-9df5-4925-be95-52e4b8517035",
   "metadata": {},
   "outputs": [
    {
     "data": {
      "text/plain": [
       "4591"
      ]
     },
     "execution_count": 25,
     "metadata": {},
     "output_type": "execute_result"
    }
   ],
   "source": [
    "# C-reactive proteins\n",
    "DS0104 = pd.read_csv(\"DS0104/25504-0104-Data.tsv\", sep = \"\\t\").set_index(\"SEQN\")\n",
    "columns = DS0104.columns[:np.where(DS0104.columns.values == (\"SDDSRVYR\"))[0][0]]\n",
    "master = master.join(DS0104[columns])\n",
    "master = master.replace(\" \", np.NaN )\n",
    "master.dropna().shape[0]"
   ]
  },
  {
   "cell_type": "code",
   "execution_count": 26,
   "id": "43c112eb-8445-47f3-b1e3-66c076471f54",
   "metadata": {},
   "outputs": [
    {
     "data": {
      "text/plain": [
       "1447"
      ]
     },
     "execution_count": 26,
     "metadata": {},
     "output_type": "execute_result"
    }
   ],
   "source": [
    "# Environmental Pesticides\n",
    "DS0105 = pd.read_csv(\"DS0105/25504-0105-Data.tsv\", sep = \"\\t\").set_index(\"SEQN\")\n",
    "columns = DS0105.columns[:np.where(DS0105.columns.values == (\"SDDSRVYR\"))[0][0]]\n",
    "master = master.join(DS0105[columns])\n",
    "master = master.replace(\" \", np.NaN )\n",
    "master.dropna().shape[0]"
   ]
  },
  {
   "cell_type": "code",
   "execution_count": 27,
   "id": "f012884d-2eec-45dd-9aa1-f04bd3020c99",
   "metadata": {},
   "outputs": [
    {
     "data": {
      "text/plain": [
       "(DepressionScore       0\n",
       " LBXBCD              192\n",
       " LBDBCDSI            192\n",
       " LBXBPB              192\n",
       " LBDBPBSI            192\n",
       " LBXWBCSI            192\n",
       " LBXLYPCT            211\n",
       " LBXMOPCT            211\n",
       " LBXNEPCT            211\n",
       " LBXEOPCT            211\n",
       " LBXBAPCT            211\n",
       " LBDLYMNO            211\n",
       " LBDMONO             211\n",
       " LBDNENO             211\n",
       " LBDEONO             211\n",
       " LBDBANO             211\n",
       " LBXRBCSI            192\n",
       " LBXHGB              192\n",
       " LBXHCT              192\n",
       " LBXMCVSI            192\n",
       " LBXMCHSI            192\n",
       " LBXMC               192\n",
       " LBXRDW              192\n",
       " LBXPLTSI            192\n",
       " LBXMPSI             192\n",
       " LBXCRP              207\n",
       " WTSB2YR            3279\n",
       " URX14D             3306\n",
       " URD14DLC           3306\n",
       " URXOPP             3306\n",
       " URDOPPLC           3306\n",
       " URXDCB             3306\n",
       " URDDCBLC           3306\n",
       " URX1TB             3306\n",
       " URD1TBLC           3306\n",
       " URX3TB             3306\n",
       " URD3TBLC           3306\n",
       " URXUCR             3297\n",
       " dtype: int64,\n",
       " Index(['WTSB2YR', 'URX14D', 'URD14DLC', 'URXOPP', 'URDOPPLC', 'URXDCB',\n",
       "        'URDDCBLC', 'URX1TB', 'URD1TBLC', 'URX3TB', 'URD3TBLC', 'URXUCR'],\n",
       "       dtype='object'))"
      ]
     },
     "execution_count": 27,
     "metadata": {},
     "output_type": "execute_result"
    }
   ],
   "source": [
    "master.isnull().sum(axis=0),columns"
   ]
  },
  {
   "cell_type": "markdown",
   "id": "b14dcd73-a155-440c-a261-f82719d76107",
   "metadata": {},
   "source": [
    "We lose a lot of observations due to NA's in DS0105 so we will not include the variables from DS0105 in our predictor space"
   ]
  },
  {
   "cell_type": "code",
   "execution_count": 28,
   "id": "c36d04bb-2063-40e0-87e8-f34c3eea051b",
   "metadata": {},
   "outputs": [],
   "source": [
    "master.drop(columns, axis = 1, inplace = True)"
   ]
  },
  {
   "cell_type": "code",
   "execution_count": 44,
   "id": "13565c6f-a9c0-4e02-836e-36c6ebe4bb4f",
   "metadata": {},
   "outputs": [
    {
     "data": {
      "text/plain": [
       "4147"
      ]
     },
     "execution_count": 44,
     "metadata": {},
     "output_type": "execute_result"
    }
   ],
   "source": [
    "# Vitamin D levels\n",
    "DS0143 = pd.read_csv(\"DS0143/25504-0143-Data.tsv\", sep = \"\\t\").set_index(\"SEQN\")\n",
    "columns = DS0143.columns[:np.where(DS0143.columns.values == (\"SDDSRVYR\"))[0][0]]\n",
    "master = master.join(DS0143[columns])\n",
    "master = master.replace(\" \", np.NaN )\n",
    "master.dropna().shape[0]"
   ]
  },
  {
   "cell_type": "code",
   "execution_count": 45,
   "id": "2f9d3313-75d3-40d9-8551-d2f831235604",
   "metadata": {},
   "outputs": [
    {
     "data": {
      "text/html": [
       "<div>\n",
       "<style scoped>\n",
       "    .dataframe tbody tr th:only-of-type {\n",
       "        vertical-align: middle;\n",
       "    }\n",
       "\n",
       "    .dataframe tbody tr th {\n",
       "        vertical-align: top;\n",
       "    }\n",
       "\n",
       "    .dataframe thead th {\n",
       "        text-align: right;\n",
       "    }\n",
       "</style>\n",
       "<table border=\"1\" class=\"dataframe\">\n",
       "  <thead>\n",
       "    <tr style=\"text-align: right;\">\n",
       "      <th></th>\n",
       "      <th>DepressionScore</th>\n",
       "      <th>LBXBCD</th>\n",
       "      <th>LBDBCDSI</th>\n",
       "      <th>LBXBPB</th>\n",
       "      <th>LBXWBCSI</th>\n",
       "      <th>LBDLYMNO</th>\n",
       "      <th>LBDMONO</th>\n",
       "      <th>LBDNENO</th>\n",
       "      <th>LBDEONO</th>\n",
       "      <th>LBDBANO</th>\n",
       "      <th>LBXRBCSI</th>\n",
       "      <th>LBXHGB</th>\n",
       "      <th>LBXMCHSI</th>\n",
       "      <th>LBXRDW</th>\n",
       "      <th>LBXPLTSI</th>\n",
       "      <th>LBXMPSI</th>\n",
       "      <th>LBXCRP</th>\n",
       "      <th>LBXVID</th>\n",
       "    </tr>\n",
       "  </thead>\n",
       "  <tbody>\n",
       "    <tr>\n",
       "      <th>DepressionScore</th>\n",
       "      <td>1.000000</td>\n",
       "      <td>0.085398</td>\n",
       "      <td>0.085371</td>\n",
       "      <td>0.020539</td>\n",
       "      <td>0.086490</td>\n",
       "      <td>0.024749</td>\n",
       "      <td>0.039166</td>\n",
       "      <td>0.093702</td>\n",
       "      <td>0.010203</td>\n",
       "      <td>0.031255</td>\n",
       "      <td>-0.078206</td>\n",
       "      <td>-0.089145</td>\n",
       "      <td>-0.018395</td>\n",
       "      <td>0.118649</td>\n",
       "      <td>0.062647</td>\n",
       "      <td>0.000353</td>\n",
       "      <td>0.083865</td>\n",
       "      <td>-0.066279</td>\n",
       "    </tr>\n",
       "    <tr>\n",
       "      <th>LBXBCD</th>\n",
       "      <td>0.085398</td>\n",
       "      <td>1.000000</td>\n",
       "      <td>1.000000</td>\n",
       "      <td>0.182772</td>\n",
       "      <td>0.095528</td>\n",
       "      <td>0.054873</td>\n",
       "      <td>0.078116</td>\n",
       "      <td>0.073871</td>\n",
       "      <td>0.059920</td>\n",
       "      <td>0.071271</td>\n",
       "      <td>0.054540</td>\n",
       "      <td>0.140983</td>\n",
       "      <td>0.122018</td>\n",
       "      <td>0.084576</td>\n",
       "      <td>0.005530</td>\n",
       "      <td>-0.021277</td>\n",
       "      <td>0.012294</td>\n",
       "      <td>-0.003131</td>\n",
       "    </tr>\n",
       "    <tr>\n",
       "      <th>LBDBCDSI</th>\n",
       "      <td>0.085371</td>\n",
       "      <td>1.000000</td>\n",
       "      <td>1.000000</td>\n",
       "      <td>0.182733</td>\n",
       "      <td>0.095535</td>\n",
       "      <td>0.054877</td>\n",
       "      <td>0.078108</td>\n",
       "      <td>0.073879</td>\n",
       "      <td>0.059928</td>\n",
       "      <td>0.071277</td>\n",
       "      <td>0.054570</td>\n",
       "      <td>0.141013</td>\n",
       "      <td>0.122016</td>\n",
       "      <td>0.084538</td>\n",
       "      <td>0.005544</td>\n",
       "      <td>-0.021291</td>\n",
       "      <td>0.012298</td>\n",
       "      <td>-0.003149</td>\n",
       "    </tr>\n",
       "    <tr>\n",
       "      <th>LBXBPB</th>\n",
       "      <td>0.020539</td>\n",
       "      <td>0.182772</td>\n",
       "      <td>0.182733</td>\n",
       "      <td>1.000000</td>\n",
       "      <td>-0.049471</td>\n",
       "      <td>-0.025833</td>\n",
       "      <td>0.027674</td>\n",
       "      <td>-0.052466</td>\n",
       "      <td>0.011694</td>\n",
       "      <td>-0.008167</td>\n",
       "      <td>0.087274</td>\n",
       "      <td>0.128587</td>\n",
       "      <td>0.059423</td>\n",
       "      <td>0.115427</td>\n",
       "      <td>-0.101594</td>\n",
       "      <td>0.016290</td>\n",
       "      <td>-0.014597</td>\n",
       "      <td>-0.021826</td>\n",
       "    </tr>\n",
       "    <tr>\n",
       "      <th>LBXWBCSI</th>\n",
       "      <td>0.086490</td>\n",
       "      <td>0.095528</td>\n",
       "      <td>0.095535</td>\n",
       "      <td>-0.049471</td>\n",
       "      <td>1.000000</td>\n",
       "      <td>0.621930</td>\n",
       "      <td>0.540508</td>\n",
       "      <td>0.810719</td>\n",
       "      <td>0.218615</td>\n",
       "      <td>0.331551</td>\n",
       "      <td>-0.010164</td>\n",
       "      <td>-0.002784</td>\n",
       "      <td>0.008186</td>\n",
       "      <td>0.028080</td>\n",
       "      <td>0.232801</td>\n",
       "      <td>0.032040</td>\n",
       "      <td>0.226939</td>\n",
       "      <td>0.058345</td>\n",
       "    </tr>\n",
       "    <tr>\n",
       "      <th>LBDLYMNO</th>\n",
       "      <td>0.024749</td>\n",
       "      <td>0.054873</td>\n",
       "      <td>0.054877</td>\n",
       "      <td>-0.025833</td>\n",
       "      <td>0.621930</td>\n",
       "      <td>1.000000</td>\n",
       "      <td>0.357346</td>\n",
       "      <td>0.061086</td>\n",
       "      <td>0.100791</td>\n",
       "      <td>0.276679</td>\n",
       "      <td>0.046565</td>\n",
       "      <td>0.034290</td>\n",
       "      <td>-0.020166</td>\n",
       "      <td>-0.000134</td>\n",
       "      <td>0.117866</td>\n",
       "      <td>-0.001059</td>\n",
       "      <td>0.040880</td>\n",
       "      <td>-0.041466</td>\n",
       "    </tr>\n",
       "    <tr>\n",
       "      <th>LBDMONO</th>\n",
       "      <td>0.039166</td>\n",
       "      <td>0.078116</td>\n",
       "      <td>0.078108</td>\n",
       "      <td>0.027674</td>\n",
       "      <td>0.540508</td>\n",
       "      <td>0.357346</td>\n",
       "      <td>1.000000</td>\n",
       "      <td>0.339708</td>\n",
       "      <td>0.202421</td>\n",
       "      <td>0.197272</td>\n",
       "      <td>0.028619</td>\n",
       "      <td>0.057163</td>\n",
       "      <td>0.041161</td>\n",
       "      <td>0.036250</td>\n",
       "      <td>0.078929</td>\n",
       "      <td>0.021373</td>\n",
       "      <td>0.158769</td>\n",
       "      <td>0.059388</td>\n",
       "    </tr>\n",
       "    <tr>\n",
       "      <th>LBDNENO</th>\n",
       "      <td>0.093702</td>\n",
       "      <td>0.073871</td>\n",
       "      <td>0.073879</td>\n",
       "      <td>-0.052466</td>\n",
       "      <td>0.810719</td>\n",
       "      <td>0.061086</td>\n",
       "      <td>0.339708</td>\n",
       "      <td>1.000000</td>\n",
       "      <td>0.102831</td>\n",
       "      <td>0.189859</td>\n",
       "      <td>-0.055598</td>\n",
       "      <td>-0.039659</td>\n",
       "      <td>0.021621</td>\n",
       "      <td>0.033045</td>\n",
       "      <td>0.205625</td>\n",
       "      <td>0.041059</td>\n",
       "      <td>0.253412</td>\n",
       "      <td>0.102378</td>\n",
       "    </tr>\n",
       "    <tr>\n",
       "      <th>LBDEONO</th>\n",
       "      <td>0.010203</td>\n",
       "      <td>0.059920</td>\n",
       "      <td>0.059928</td>\n",
       "      <td>0.011694</td>\n",
       "      <td>0.218615</td>\n",
       "      <td>0.100791</td>\n",
       "      <td>0.202421</td>\n",
       "      <td>0.102831</td>\n",
       "      <td>1.000000</td>\n",
       "      <td>0.140411</td>\n",
       "      <td>0.081637</td>\n",
       "      <td>0.090703</td>\n",
       "      <td>0.008246</td>\n",
       "      <td>0.009769</td>\n",
       "      <td>0.118717</td>\n",
       "      <td>-0.018533</td>\n",
       "      <td>0.050346</td>\n",
       "      <td>-0.001411</td>\n",
       "    </tr>\n",
       "    <tr>\n",
       "      <th>LBDBANO</th>\n",
       "      <td>0.031255</td>\n",
       "      <td>0.071271</td>\n",
       "      <td>0.071277</td>\n",
       "      <td>-0.008167</td>\n",
       "      <td>0.331551</td>\n",
       "      <td>0.276679</td>\n",
       "      <td>0.197272</td>\n",
       "      <td>0.189859</td>\n",
       "      <td>0.140411</td>\n",
       "      <td>1.000000</td>\n",
       "      <td>-0.019474</td>\n",
       "      <td>-0.038051</td>\n",
       "      <td>-0.030619</td>\n",
       "      <td>0.059069</td>\n",
       "      <td>0.123376</td>\n",
       "      <td>-0.002560</td>\n",
       "      <td>0.078758</td>\n",
       "      <td>-0.011056</td>\n",
       "    </tr>\n",
       "    <tr>\n",
       "      <th>LBXRBCSI</th>\n",
       "      <td>-0.078206</td>\n",
       "      <td>0.054540</td>\n",
       "      <td>0.054570</td>\n",
       "      <td>0.087274</td>\n",
       "      <td>-0.010164</td>\n",
       "      <td>0.046565</td>\n",
       "      <td>0.028619</td>\n",
       "      <td>-0.055598</td>\n",
       "      <td>0.081637</td>\n",
       "      <td>-0.019474</td>\n",
       "      <td>1.000000</td>\n",
       "      <td>0.759503</td>\n",
       "      <td>-0.352425</td>\n",
       "      <td>-0.080151</td>\n",
       "      <td>-0.006242</td>\n",
       "      <td>0.071045</td>\n",
       "      <td>-0.090501</td>\n",
       "      <td>-0.065652</td>\n",
       "    </tr>\n",
       "    <tr>\n",
       "      <th>LBXHGB</th>\n",
       "      <td>-0.089145</td>\n",
       "      <td>0.140983</td>\n",
       "      <td>0.141013</td>\n",
       "      <td>0.128587</td>\n",
       "      <td>-0.002784</td>\n",
       "      <td>0.034290</td>\n",
       "      <td>0.057163</td>\n",
       "      <td>-0.039659</td>\n",
       "      <td>0.090703</td>\n",
       "      <td>-0.038051</td>\n",
       "      <td>0.759503</td>\n",
       "      <td>1.000000</td>\n",
       "      <td>0.333319</td>\n",
       "      <td>-0.386739</td>\n",
       "      <td>-0.134638</td>\n",
       "      <td>0.021117</td>\n",
       "      <td>-0.161950</td>\n",
       "      <td>0.094728</td>\n",
       "    </tr>\n",
       "    <tr>\n",
       "      <th>LBXMCHSI</th>\n",
       "      <td>-0.018395</td>\n",
       "      <td>0.122018</td>\n",
       "      <td>0.122016</td>\n",
       "      <td>0.059423</td>\n",
       "      <td>0.008186</td>\n",
       "      <td>-0.020166</td>\n",
       "      <td>0.041161</td>\n",
       "      <td>0.021621</td>\n",
       "      <td>0.008246</td>\n",
       "      <td>-0.030619</td>\n",
       "      <td>-0.352425</td>\n",
       "      <td>0.333319</td>\n",
       "      <td>1.000000</td>\n",
       "      <td>-0.433881</td>\n",
       "      <td>-0.192630</td>\n",
       "      <td>-0.070997</td>\n",
       "      <td>-0.101450</td>\n",
       "      <td>0.230859</td>\n",
       "    </tr>\n",
       "    <tr>\n",
       "      <th>LBXRDW</th>\n",
       "      <td>0.118649</td>\n",
       "      <td>0.084576</td>\n",
       "      <td>0.084538</td>\n",
       "      <td>0.115427</td>\n",
       "      <td>0.028080</td>\n",
       "      <td>-0.000134</td>\n",
       "      <td>0.036250</td>\n",
       "      <td>0.033045</td>\n",
       "      <td>0.009769</td>\n",
       "      <td>0.059069</td>\n",
       "      <td>-0.080151</td>\n",
       "      <td>-0.386739</td>\n",
       "      <td>-0.433881</td>\n",
       "      <td>1.000000</td>\n",
       "      <td>0.094689</td>\n",
       "      <td>0.033970</td>\n",
       "      <td>0.158203</td>\n",
       "      <td>-0.171526</td>\n",
       "    </tr>\n",
       "    <tr>\n",
       "      <th>LBXPLTSI</th>\n",
       "      <td>0.062647</td>\n",
       "      <td>0.005530</td>\n",
       "      <td>0.005544</td>\n",
       "      <td>-0.101594</td>\n",
       "      <td>0.232801</td>\n",
       "      <td>0.117866</td>\n",
       "      <td>0.078929</td>\n",
       "      <td>0.205625</td>\n",
       "      <td>0.118717</td>\n",
       "      <td>0.123376</td>\n",
       "      <td>-0.006242</td>\n",
       "      <td>-0.134638</td>\n",
       "      <td>-0.192630</td>\n",
       "      <td>0.094689</td>\n",
       "      <td>1.000000</td>\n",
       "      <td>-0.393341</td>\n",
       "      <td>0.162613</td>\n",
       "      <td>-0.050982</td>\n",
       "    </tr>\n",
       "    <tr>\n",
       "      <th>LBXMPSI</th>\n",
       "      <td>0.000353</td>\n",
       "      <td>-0.021277</td>\n",
       "      <td>-0.021291</td>\n",
       "      <td>0.016290</td>\n",
       "      <td>0.032040</td>\n",
       "      <td>-0.001059</td>\n",
       "      <td>0.021373</td>\n",
       "      <td>0.041059</td>\n",
       "      <td>-0.018533</td>\n",
       "      <td>-0.002560</td>\n",
       "      <td>0.071045</td>\n",
       "      <td>0.021117</td>\n",
       "      <td>-0.070997</td>\n",
       "      <td>0.033970</td>\n",
       "      <td>-0.393341</td>\n",
       "      <td>1.000000</td>\n",
       "      <td>-0.031162</td>\n",
       "      <td>-0.079994</td>\n",
       "    </tr>\n",
       "    <tr>\n",
       "      <th>LBXCRP</th>\n",
       "      <td>0.083865</td>\n",
       "      <td>0.012294</td>\n",
       "      <td>0.012298</td>\n",
       "      <td>-0.014597</td>\n",
       "      <td>0.226939</td>\n",
       "      <td>0.040880</td>\n",
       "      <td>0.158769</td>\n",
       "      <td>0.253412</td>\n",
       "      <td>0.050346</td>\n",
       "      <td>0.078758</td>\n",
       "      <td>-0.090501</td>\n",
       "      <td>-0.161950</td>\n",
       "      <td>-0.101450</td>\n",
       "      <td>0.158203</td>\n",
       "      <td>0.162613</td>\n",
       "      <td>-0.031162</td>\n",
       "      <td>1.000000</td>\n",
       "      <td>-0.048709</td>\n",
       "    </tr>\n",
       "    <tr>\n",
       "      <th>LBXVID</th>\n",
       "      <td>-0.066279</td>\n",
       "      <td>-0.003131</td>\n",
       "      <td>-0.003149</td>\n",
       "      <td>-0.021826</td>\n",
       "      <td>0.058345</td>\n",
       "      <td>-0.041466</td>\n",
       "      <td>0.059388</td>\n",
       "      <td>0.102378</td>\n",
       "      <td>-0.001411</td>\n",
       "      <td>-0.011056</td>\n",
       "      <td>-0.065652</td>\n",
       "      <td>0.094728</td>\n",
       "      <td>0.230859</td>\n",
       "      <td>-0.171526</td>\n",
       "      <td>-0.050982</td>\n",
       "      <td>-0.079994</td>\n",
       "      <td>-0.048709</td>\n",
       "      <td>1.000000</td>\n",
       "    </tr>\n",
       "  </tbody>\n",
       "</table>\n",
       "</div>"
      ],
      "text/plain": [
       "                 DepressionScore    LBXBCD  LBDBCDSI    LBXBPB  LBXWBCSI  \\\n",
       "DepressionScore         1.000000  0.085398  0.085371  0.020539  0.086490   \n",
       "LBXBCD                  0.085398  1.000000  1.000000  0.182772  0.095528   \n",
       "LBDBCDSI                0.085371  1.000000  1.000000  0.182733  0.095535   \n",
       "LBXBPB                  0.020539  0.182772  0.182733  1.000000 -0.049471   \n",
       "LBXWBCSI                0.086490  0.095528  0.095535 -0.049471  1.000000   \n",
       "LBDLYMNO                0.024749  0.054873  0.054877 -0.025833  0.621930   \n",
       "LBDMONO                 0.039166  0.078116  0.078108  0.027674  0.540508   \n",
       "LBDNENO                 0.093702  0.073871  0.073879 -0.052466  0.810719   \n",
       "LBDEONO                 0.010203  0.059920  0.059928  0.011694  0.218615   \n",
       "LBDBANO                 0.031255  0.071271  0.071277 -0.008167  0.331551   \n",
       "LBXRBCSI               -0.078206  0.054540  0.054570  0.087274 -0.010164   \n",
       "LBXHGB                 -0.089145  0.140983  0.141013  0.128587 -0.002784   \n",
       "LBXMCHSI               -0.018395  0.122018  0.122016  0.059423  0.008186   \n",
       "LBXRDW                  0.118649  0.084576  0.084538  0.115427  0.028080   \n",
       "LBXPLTSI                0.062647  0.005530  0.005544 -0.101594  0.232801   \n",
       "LBXMPSI                 0.000353 -0.021277 -0.021291  0.016290  0.032040   \n",
       "LBXCRP                  0.083865  0.012294  0.012298 -0.014597  0.226939   \n",
       "LBXVID                 -0.066279 -0.003131 -0.003149 -0.021826  0.058345   \n",
       "\n",
       "                 LBDLYMNO   LBDMONO   LBDNENO   LBDEONO   LBDBANO  LBXRBCSI  \\\n",
       "DepressionScore  0.024749  0.039166  0.093702  0.010203  0.031255 -0.078206   \n",
       "LBXBCD           0.054873  0.078116  0.073871  0.059920  0.071271  0.054540   \n",
       "LBDBCDSI         0.054877  0.078108  0.073879  0.059928  0.071277  0.054570   \n",
       "LBXBPB          -0.025833  0.027674 -0.052466  0.011694 -0.008167  0.087274   \n",
       "LBXWBCSI         0.621930  0.540508  0.810719  0.218615  0.331551 -0.010164   \n",
       "LBDLYMNO         1.000000  0.357346  0.061086  0.100791  0.276679  0.046565   \n",
       "LBDMONO          0.357346  1.000000  0.339708  0.202421  0.197272  0.028619   \n",
       "LBDNENO          0.061086  0.339708  1.000000  0.102831  0.189859 -0.055598   \n",
       "LBDEONO          0.100791  0.202421  0.102831  1.000000  0.140411  0.081637   \n",
       "LBDBANO          0.276679  0.197272  0.189859  0.140411  1.000000 -0.019474   \n",
       "LBXRBCSI         0.046565  0.028619 -0.055598  0.081637 -0.019474  1.000000   \n",
       "LBXHGB           0.034290  0.057163 -0.039659  0.090703 -0.038051  0.759503   \n",
       "LBXMCHSI        -0.020166  0.041161  0.021621  0.008246 -0.030619 -0.352425   \n",
       "LBXRDW          -0.000134  0.036250  0.033045  0.009769  0.059069 -0.080151   \n",
       "LBXPLTSI         0.117866  0.078929  0.205625  0.118717  0.123376 -0.006242   \n",
       "LBXMPSI         -0.001059  0.021373  0.041059 -0.018533 -0.002560  0.071045   \n",
       "LBXCRP           0.040880  0.158769  0.253412  0.050346  0.078758 -0.090501   \n",
       "LBXVID          -0.041466  0.059388  0.102378 -0.001411 -0.011056 -0.065652   \n",
       "\n",
       "                   LBXHGB  LBXMCHSI    LBXRDW  LBXPLTSI   LBXMPSI    LBXCRP  \\\n",
       "DepressionScore -0.089145 -0.018395  0.118649  0.062647  0.000353  0.083865   \n",
       "LBXBCD           0.140983  0.122018  0.084576  0.005530 -0.021277  0.012294   \n",
       "LBDBCDSI         0.141013  0.122016  0.084538  0.005544 -0.021291  0.012298   \n",
       "LBXBPB           0.128587  0.059423  0.115427 -0.101594  0.016290 -0.014597   \n",
       "LBXWBCSI        -0.002784  0.008186  0.028080  0.232801  0.032040  0.226939   \n",
       "LBDLYMNO         0.034290 -0.020166 -0.000134  0.117866 -0.001059  0.040880   \n",
       "LBDMONO          0.057163  0.041161  0.036250  0.078929  0.021373  0.158769   \n",
       "LBDNENO         -0.039659  0.021621  0.033045  0.205625  0.041059  0.253412   \n",
       "LBDEONO          0.090703  0.008246  0.009769  0.118717 -0.018533  0.050346   \n",
       "LBDBANO         -0.038051 -0.030619  0.059069  0.123376 -0.002560  0.078758   \n",
       "LBXRBCSI         0.759503 -0.352425 -0.080151 -0.006242  0.071045 -0.090501   \n",
       "LBXHGB           1.000000  0.333319 -0.386739 -0.134638  0.021117 -0.161950   \n",
       "LBXMCHSI         0.333319  1.000000 -0.433881 -0.192630 -0.070997 -0.101450   \n",
       "LBXRDW          -0.386739 -0.433881  1.000000  0.094689  0.033970  0.158203   \n",
       "LBXPLTSI        -0.134638 -0.192630  0.094689  1.000000 -0.393341  0.162613   \n",
       "LBXMPSI          0.021117 -0.070997  0.033970 -0.393341  1.000000 -0.031162   \n",
       "LBXCRP          -0.161950 -0.101450  0.158203  0.162613 -0.031162  1.000000   \n",
       "LBXVID           0.094728  0.230859 -0.171526 -0.050982 -0.079994 -0.048709   \n",
       "\n",
       "                   LBXVID  \n",
       "DepressionScore -0.066279  \n",
       "LBXBCD          -0.003131  \n",
       "LBDBCDSI        -0.003149  \n",
       "LBXBPB          -0.021826  \n",
       "LBXWBCSI         0.058345  \n",
       "LBDLYMNO        -0.041466  \n",
       "LBDMONO          0.059388  \n",
       "LBDNENO          0.102378  \n",
       "LBDEONO         -0.001411  \n",
       "LBDBANO         -0.011056  \n",
       "LBXRBCSI        -0.065652  \n",
       "LBXHGB           0.094728  \n",
       "LBXMCHSI         0.230859  \n",
       "LBXRDW          -0.171526  \n",
       "LBXPLTSI        -0.050982  \n",
       "LBXMPSI         -0.079994  \n",
       "LBXCRP          -0.048709  \n",
       "LBXVID           1.000000  "
      ]
     },
     "execution_count": 45,
     "metadata": {},
     "output_type": "execute_result"
    }
   ],
   "source": [
    "master.corr()"
   ]
  },
  {
   "cell_type": "markdown",
   "id": "78a04637-d2fa-4932-a9d8-985ac455f077",
   "metadata": {},
   "source": [
    "We do have some redundant columns in the data now. LBXBCD - Cadmium (ug/L) and LBDBCDSI Cadmium (nmol/L) both measured the same thing, hence the correlation of 1.00 between the two variables.\n",
    "Other redundancies include: LBXBPB and LBDBPBSI, LBXLYPCT and LBDLYMNO, LBXMOPCT and LBDMONO, LBXNEPCT and LBDNENO, LBXBAPCT and LBDBANO, LBXEOPCT and LBDEONO, LBXHGB and LBXHCT, LBXMCHSI and LBXMCVSI and LBXMC"
   ]
  },
  {
   "cell_type": "code",
   "execution_count": 30,
   "id": "61210d33-4630-44ca-ae6c-f815be43f029",
   "metadata": {},
   "outputs": [],
   "source": [
    "to_drop = [\"LBDBPBSI\", \"LBXLYPCT\", \"LBXMOPCT\", \"LBXNEPCT\", \"LBXBAPCT\", \"LBXEOPCT\", \"LBXHCT\", \"LBXMCVSI\", \"LBXMC\"]\n",
    "master.drop(to_drop, axis = 1, inplace = True)"
   ]
  },
  {
   "cell_type": "markdown",
   "id": "4efdd74a-2db2-484b-bc0f-cb18cc7307d5",
   "metadata": {},
   "source": [
    "## Model Fitting\n"
   ]
  },
  {
   "cell_type": "code",
   "execution_count": 46,
   "id": "74dc2e96-32a0-4a3f-a41b-7aec510385e3",
   "metadata": {},
   "outputs": [],
   "source": [
    "from sklearn.model_selection import train_test_split\n",
    "\n",
    "trainX, testX, trainy, testy = train_test_split(master.dropna().drop(\"DepressionScore\", axis = 1), master.dropna()[\"DepressionScore\"], test_size=0.2)"
   ]
  },
  {
   "cell_type": "code",
   "execution_count": 49,
   "id": "d5ee3398-6093-4987-8e66-c4b57c87aee6",
   "metadata": {},
   "outputs": [
    {
     "data": {
      "text/plain": [
       "0.05273780957104557"
      ]
     },
     "execution_count": 49,
     "metadata": {},
     "output_type": "execute_result"
    }
   ],
   "source": [
    "from sklearn.linear_model import LinearRegression\n",
    "lm = LinearRegression().fit(trainX, trainy)\n",
    "preds_lm = lm.predict(testX)\n",
    "lm.score(trainX, trainy)"
   ]
  },
  {
   "cell_type": "markdown",
   "id": "7b8a2978-307a-4042-833d-12df74cbd64a",
   "metadata": {},
   "source": [
    "R^2 is 0.05 - linear model preforms very poorly. Either the linear model poorly measures a non-linear relationship or the predictors contain very little information about the mental health of our participants. Let's try a tree-based method:"
   ]
  },
  {
   "cell_type": "code",
   "execution_count": 51,
   "id": "5a04f8d1-3ed2-4371-91c6-4a2a1cb458a9",
   "metadata": {},
   "outputs": [
    {
     "data": {
      "text/plain": [
       "0.060034486182498625"
      ]
     },
     "execution_count": 51,
     "metadata": {},
     "output_type": "execute_result"
    }
   ],
   "source": [
    "from sklearn.ensemble import RandomForestRegressor\n",
    "\n",
    "rf = RandomForestRegressor(max_depth = 2)\n",
    "rf.fit(trainX, trainy)\n",
    "preds_rf = rf.predict(testX)\n",
    "rf.score(trainX, trainy)"
   ]
  },
  {
   "cell_type": "markdown",
   "id": "b4d23681-9344-4cc6-b34b-98e487c3eddd",
   "metadata": {},
   "source": [
    "R^2 is 0.06 - our coefficient of determination only improves slightly with a non-linear model. This would lead me to conclude that our predictors contain no information about the mental health of our participants."
   ]
  }
 ],
 "metadata": {
  "kernelspec": {
   "display_name": "Python 3 (ipykernel)",
   "language": "python",
   "name": "python3"
  },
  "language_info": {
   "codemirror_mode": {
    "name": "ipython",
    "version": 3
   },
   "file_extension": ".py",
   "mimetype": "text/x-python",
   "name": "python",
   "nbconvert_exporter": "python",
   "pygments_lexer": "ipython3",
   "version": "3.11.6"
  }
 },
 "nbformat": 4,
 "nbformat_minor": 5
}
